Most likely posterior parameters (MAP)
=======================================

gL: 0.142776
VL: -62.700287
gc: 0.421573
pp: 0.581852
Cm: 1.932553
