Most likely posterior parameters (MAP)
=======================================

gL: 0.102051
VL: -58.536972
gc: 2.437408
pp: 0.717849
Cm: 2.545166
